0.00000E+00
0.00000E+00
1.38122E+00
0.00000E+00
8.33850E+00
-1.66770E+01
0.00000E+00
0.00000E+00
0.00000E+00
1.38146E+00
0.00000E+00
8.34272E+00
-1.66854E+01
0.00000E+00
7.10111E-08
-1.22088E-07
1.38169E+00
4.76636E-07
8.34694E+00
-1.66939E+01
0.00000E+00
1.41013E-07
-3.39618E-07
1.38193E+00
9.46695E-07
8.35116E+00
-1.67023E+01
0.00000E+00
2.15152E-07
-6.66630E-07
1.38217E+00
1.44474E-06
8.35539E+00
-1.67108E+01
0.00000E+00
2.91248E-07
-1.10361E-06
1.38240E+00
1.95613E-06
8.35962E+00
-1.67193E+01
0.00000E+00
3.68461E-07
-1.65104E-06
1.38264E+00
2.47525E-06
8.36386E+00
-1.67277E+01
0.00000E+00
4.46396E-07
-2.30940E-06
1.38288E+00
2.99944E-06
8.36810E+00
-1.67362E+01
0.00000E+00
5.24846E-07
-3.07917E-06
1.38311E+00
3.52731E-06
8.37235E+00
-1.67447E+01
0.00000E+00
6.03689E-07
-3.96081E-06
1.38335E+00
4.05806E-06
8.37660E+00
-1.67532E+01
0.00000E+00
6.82848E-07
-4.95481E-06
1.38359E+00
4.59116E-06
8.38085E+00
-1.67617E+01
0.00000E+00
7.62275E-07
-6.06161E-06
1.38382E+00
5.12630E-06
8.38511E+00
-1.67703E+01
0.00000E+00
8.41935E-07
-7.28168E-06
1.38406E+00
5.66323E-06
8.38938E+00
-1.67788E+01
0.00000E+00
9.21802E-07
-8.61549E-06
1.38430E+00
6.20180E-06
8.39364E+00
-1.67873E+01
0.00000E+00
1.00186E-06
-1.00635E-05
1.38453E+00
6.74188E-06
8.39792E+00
-1.67959E+01
0.00000E+00
1.08209E-06
-1.16261E-05
1.38477E+00
7.28339E-06
8.40219E+00
-1.68045E+01
0.00000E+00
1.16249E-06
-1.33038E-05
1.38501E+00
7.82623E-06
8.40647E+00
-1.68130E+01
0.00000E+00
1.24304E-06
-1.50970E-05
1.38524E+00
8.37037E-06
8.41076E+00
-1.68216E+01
0.00000E+00
1.32374E-06
-1.70062E-05
1.38548E+00
8.91575E-06
8.41505E+00
-1.68302E+01
0.00000E+00
1.40458E-06
-1.90318E-05
1.38571E+00
9.46234E-06
8.41934E+00
-1.68388E+01
0.00000E+00
1.48556E-06
-2.11742E-05
1.38595E+00
1.00101E-05
8.42364E+00
-1.68474E+01
0.00000E+00
1.56667E-06
-2.34339E-05
1.38619E+00
1.05590E-05
8.42794E+00
-1.68560E+01
0.00000E+00
1.64791E-06
-2.58113E-05
1.38642E+00
1.11090E-05
8.43225E+00
-1.68647E+01
0.00000E+00
1.72927E-06
-2.83067E-05
1.38666E+00
1.16601E-05
8.43656E+00
-1.68733E+01
0.00000E+00
1.81076E-06
-3.09207E-05
1.38689E+00
1.22122E-05
8.44088E+00
-1.68820E+01
0.00000E+00
1.89236E-06
-3.36535E-05
1.38713E+00
1.27655E-05
8.44520E+00
-1.68906E+01
0.00000E+00
1.97408E-06
-3.65057E-05
1.38736E+00
1.33197E-05
8.44952E+00
-1.68993E+01
0.00000E+00
2.05590E-06
-3.94777E-05
1.38760E+00
1.38750E-05
8.45385E+00
-1.69080E+01
0.00000E+00
2.13784E-06
-4.25697E-05
1.38784E+00
1.44312E-05
8.45818E+00
-1.69167E+01
0.00000E+00
2.21989E-06
-4.57823E-05
1.38807E+00
1.49885E-05
8.46252E+00
-1.69254E+01
0.00000E+00
2.30204E-06
-4.91157E-05
1.38831E+00
1.55467E-05
8.46687E+00
-1.69341E+01
0.00000E+00
2.38429E-06
-5.25705E-05
1.38854E+00
1.61058E-05
8.47121E+00
-1.69428E+01
0.00000E+00
2.46664E-06
-5.61469E-05
1.38878E+00
1.66659E-05
8.47556E+00
-1.69515E+01
0.00000E+00
2.54909E-06
-5.98454E-05
1.38901E+00
1.72270E-05
8.47992E+00
-1.69602E+01
0.00000E+00
2.63163E-06
-6.36662E-05
1.38925E+00
1.77889E-05
8.48428E+00
-1.69690E+01
0.00000E+00
2.71427E-06
-6.76099E-05
1.38948E+00
1.83518E-05
8.48864E+00
-1.69777E+01
0.00000E+00
2.79700E-06
-7.16767E-05
1.38972E+00
1.89155E-05
8.49301E+00
-1.69865E+01
0.00000E+00
2.87982E-06
-7.58670E-05
1.38995E+00
1.94802E-05
8.49739E+00
-1.69953E+01
0.00000E+00
2.96272E-06
-8.01811E-05
1.39019E+00
2.00456E-05
8.50177E+00
-1.70041E+01
0.00000E+00
3.04571E-06
-8.46194E-05
1.39042E+00
2.06120E-05
8.50615E+00
-1.70129E+01
0.00000E+00
3.12879E-06
-8.91823E-05
1.39066E+00
2.11792E-05
8.51054E+00
-1.70217E+01
0.00000E+00
3.21194E-06
-9.38700E-05
1.39089E+00
2.17472E-05
8.51493E+00
-1.70305E+01
0.00000E+00
3.29518E-06
-9.86829E-05
1.39113E+00
2.23160E-05
8.51932E+00
-1.70393E+01
0.00000E+00
3.37849E-06
-1.03621E-04
1.39136E+00
2.28856E-05
8.52373E+00
-1.70482E+01
0.00000E+00
3.46187E-06
-1.08686E-04
1.39160E+00
2.34561E-05
8.52813E+00
-1.70570E+01
0.00000E+00
3.54533E-06
-1.13876E-04
1.39183E+00
2.40273E-05
8.53254E+00
-1.70659E+01
0.00000E+00
3.62886E-06
-1.19193E-04
1.39207E+00
2.45992E-05
8.53696E+00
-1.70747E+01
0.00000E+00
3.71246E-06
-1.24637E-04
1.39230E+00
2.51720E-05
8.54138E+00
-1.70836E+01
0.00000E+00
3.79613E-06
-1.30207E-04
1.39254E+00
2.57454E-05
8.54580E+00
-1.70925E+01
0.00000E+00
3.87986E-06
-1.35906E-04
1.39277E+00
2.63197E-05
8.55023E+00
-1.71014E+01
0.00000E+00
3.96365E-06
-1.41731E-04
1.39301E+00
2.68946E-05
8.55466E+00
-1.71103E+01
0.00000E+00
4.04751E-06
-1.47685E-04
1.39324E+00
2.74702E-05
8.55910E+00
-1.71192E+01
0.00000E+00
4.13143E-06
-1.53767E-04
1.39348E+00
2.80466E-05
8.56354E+00
-1.71281E+01
0.00000E+00
4.21540E-06
-1.59978E-04
1.39371E+00
2.86236E-05
8.56799E+00
-1.71371E+01
0.00000E+00
4.29942E-06
-1.66317E-04
1.39394E+00
2.92013E-05
8.57244E+00
-1.71460E+01
0.00000E+00
4.38350E-06
-1.72785E-04
1.39418E+00
2.97797E-05
8.57689E+00
-1.71550E+01
1.90345E+00
4.46764E-06
-1.79383E-04
1.39441E+00
3.03587E-05
8.58136E+00
-1.71639E+01
1.90745E+00
4.55182E-06
-1.86110E-04
1.39465E+00
3.09383E-05
8.58582E+00
-1.71729E+01
1.91152E+00
4.63604E-06
-1.92967E-04
1.39488E+00
3.15186E-05
8.59029E+00
-1.71819E+01
1.91567E+00
4.72032E-06
-1.99953E-04
1.39512E+00
3.20995E-05
8.59477E+00
-1.71909E+01
1.91990E+00
4.80463E-06
-2.07071E-04
1.39535E+00
3.26810E-05
8.59924E+00
-1.71999E+01
1.92421E+00
4.88899E-06
-2.14318E-04
1.39559E+00
3.32631E-05
8.60373E+00
-1.72089E+01
1.92858E+00
4.97338E-06
-2.21697E-04
1.39582E+00
3.38457E-05
8.60822E+00
-1.72179E+01
1.93304E+00
5.05781E-06
-2.29206E-04
1.39605E+00
3.44289E-05
8.61271E+00
-1.72270E+01
1.93757E+00
5.14228E-06
-2.36846E-04
1.39629E+00
3.50127E-05
8.61721E+00
-1.72360E+01
1.94218E+00
5.22678E-06
-2.44618E-04
1.39652E+00
3.55970E-05
8.62171E+00
-1.72451E+01
1.94687E+00
5.31131E-06
-2.52521E-04
1.39676E+00
3.61818E-05
8.62622E+00
-1.72542E+01
1.95163E+00
5.39587E-06
-2.60556E-04
1.39699E+00
3.67671E-05
8.63073E+00
-1.72632E+01
1.95647E+00
5.48045E-06
-2.68723E-04
1.39723E+00
3.73530E-05
8.63525E+00
-1.72723E+01
1.96138E+00
5.56506E-06
-2.77021E-04
1.39746E+00
3.79393E-05
8.63977E+00
-1.72814E+01
1.96638E+00
5.64969E-06
-2.85452E-04
1.39769E+00
3.85261E-05
8.64430E+00
-1.72905E+01
1.97145E+00
5.73434E-06
-2.94016E-04
1.39793E+00
3.91133E-05
8.64883E+00
-1.72997E+01
1.97659E+00
5.81901E-06
-3.02712E-04
1.39816E+00
3.97011E-05
8.65336E+00
-1.73088E+01
1.98182E+00
5.90370E-06
-3.11541E-04
1.39840E+00
4.02892E-05
8.65790E+00
-1.73179E+01
1.98712E+00
5.98839E-06
-3.20502E-04
1.39863E+00
4.08777E-05
8.66245E+00
-1.73271E+01
1.99250E+00
6.07311E-06
-3.29597E-04
1.39887E+00
4.14667E-05
8.66700E+00
-1.73362E+01
1.99795E+00
6.15782E-06
-3.38825E-04
1.39910E+00
4.20561E-05
8.67155E+00
-1.73454E+01
2.00348E+00
6.24255E-06
-3.48186E-04
1.39934E+00
4.26458E-05
8.67611E+00
-1.73546E+01
2.00910E+00
6.32728E-06
-3.57680E-04
1.39957E+00
4.32359E-05
8.68068E+00
-1.73638E+01
2.01478E+00
6.41201E-06
-3.67307E-04
1.39980E+00
4.38264E-05
8.68525E+00
-1.73730E+01
2.02055E+00
6.49675E-06
-3.77068E-04
1.40004E+00
4.44171E-05
8.68982E+00
-1.73822E+01
2.02640E+00
6.58148E-06
-3.86962E-04
1.40027E+00
4.50082E-05
8.69440E+00
-1.73914E+01
2.03232E+00
6.66620E-06
-3.96990E-04
1.40051E+00
4.55996E-05
8.69898E+00
-1.74007E+01
2.03832E+00
6.75091E-06
-4.07151E-04
1.40074E+00
4.61913E-05
8.70357E+00
-1.74099E+01
2.04440E+00
6.83561E-06
-4.17445E-04
1.40098E+00
4.67832E-05
8.70817E+00
-1.74192E+01
2.05056E+00
6.92029E-06
-4.27872E-04
1.40121E+00
4.73753E-05
8.71276E+00
-1.74285E+01
2.05679E+00
7.00496E-06
-4.38432E-04
1.40144E+00
4.79677E-05
8.71737E+00
-1.74377E+01
2.06310E+00
7.08960E-06
-4.49125E-04
1.40168E+00
4.85602E-05
8.72198E+00
-1.74470E+01
2.06950E+00
7.17421E-06
-4.59951E-04
1.40191E+00
4.91530E-05
8.72659E+00
-1.74563E+01
2.07597E+00
7.25880E-06
-4.70909E-04
1.40215E+00
4.97458E-05
8.73121E+00
-1.74656E+01
2.08252E+00
7.34335E-06
-4.82000E-04
1.40238E+00
5.03388E-05
8.73583E+00
-1.74750E+01
2.08915E+00
7.42787E-06
-4.93224E-04
1.40262E+00
5.09319E-05
8.74046E+00
-1.74843E+01
2.09585E+00
7.51235E-06
-5.04580E-04
1.40285E+00
5.15251E-05
8.74509E+00
-1.74936E+01
2.10264E+00
7.59679E-06
-5.16068E-04
1.40309E+00
5.21183E-05
8.74973E+00
-1.75030E+01
2.10950E+00
7.68118E-06
-5.27687E-04
1.40332E+00
5.27116E-05
8.75437E+00
-1.75124E+01
2.11645E+00
7.76553E-06
-5.39439E-04
1.40355E+00
5.33049E-05
8.75902E+00
-1.75217E+01
2.12347E+00
7.84982E-06
-5.51322E-04
1.40379E+00
5.38983E-05
8.76367E+00
-1.75311E+01
2.13057E+00
7.93406E-06
-5.63337E-04
1.40402E+00
5.44916E-05
8.76833E+00
-1.75405E+01
2.13776E+00
8.01825E-06
-5.75484E-04
1.40426E+00
5.50849E-05
8.77299E+00
-1.75499E+01
2.14502E+00
8.10238E-06
-5.87761E-04
1.40449E+00
5.56781E-05
8.77765E+00
-1.75593E+01
2.15236E+00
8.18645E-06
-6.00170E-04
1.40473E+00
5.62713E-05
8.78233E+00
-1.75688E+01
2.15978E+00
8.27045E-06
-6.12711E-04
1.40496E+00
5.68644E-05
8.78700E+00
-1.75782E+01
2.16727E+00
8.35439E-06
-6.25382E-04
1.40520E+00
5.74575E-05
8.79169E+00
-1.75877E+01
2.17485E+00
8.43826E-06
-6.38184E-04
1.40543E+00
5.80504E-05
8.79637E+00
-1.75971E+01
2.18251E+00
8.52207E-06
-6.51117E-04
1.40567E+00
5.86432E-05
8.80106E+00
-1.76066E+01
2.19025E+00
8.60580E-06
-6.64181E-04
1.40590E+00
5.92360E-05
8.80576E+00
-1.76161E+01
2.19806E+00
8.68946E-06
-6.77377E-04
1.40614E+00
5.98286E-05
8.81046E+00
-1.76256E+01
2.20596E+00
8.77305E-06
-6.90702E-04
1.40637E+00
6.04210E-05
8.81517E+00
-1.76351E+01
2.21394E+00
8.85657E-06
-7.04159E-04
1.40661E+00
6.10133E-05
8.81988E+00
-1.76446E+01
2.22199E+00
8.94000E-06
-7.17747E-04
1.40684E+00
6.16054E-05
8.82460E+00
-1.76541E+01
2.23013E+00
9.02336E-06
-7.31466E-04
1.40708E+00
6.21974E-05
8.82932E+00
-1.76637E+01
2.23834E+00
9.10664E-06
-7.45315E-04
1.40731E+00
6.27892E-05
8.83405E+00
-1.76732E+01
2.24664E+00
9.18984E-06
-7.59296E-04
1.40755E+00
6.33809E-05
8.83878E+00
-1.76828E+01
2.25502E+00
9.27296E-06
-7.73407E-04
1.40778E+00
6.39723E-05
8.84352E+00
-1.76924E+01
2.26347E+00
9.35600E-06
-7.87649E-04
1.40802E+00
6.45635E-05
8.84826E+00
-1.77020E+01
2.27201E+00
9.43895E-06
-8.02023E-04
1.40825E+00
6.51546E-05
8.85301E+00
-1.77116E+01
2.28062E+00
9.52182E-06
-8.16528E-04
1.40849E+00
6.57454E-05
8.85776E+00
-1.77212E+01
2.28932E+00
9.60620E-06
-8.31302E-04
1.40872E+00
6.63471E-05
8.86252E+00
-1.77308E+01
2.29809E+00
9.69253E-06
-8.46387E-04
1.40896E+00
6.69626E-05
8.86728E+00
-1.77404E+01
2.30695E+00
9.77884E-06
-8.61616E-04
1.40920E+00
6.75784E-05
8.87205E+00
-1.77501E+01
2.31588E+00
9.86513E-06
-8.76988E-04
1.40943E+00
6.81944E-05
8.87682E+00
-1.77597E+01
2.32490E+00
9.95139E-06
-8.92503E-04
1.40967E+00
6.88106E-05
8.88160E+00
-1.77694E+01
2.33399E+00
1.00376E-05
-9.08162E-04
1.40990E+00
6.94271E-05
8.88638E+00
-1.77791E+01
2.34317E+00
1.01239E-05
-9.23965E-04
1.41014E+00
7.00438E-05
8.89117E+00
-1.77887E+01
2.35243E+00
1.02100E-05
-9.39912E-04
1.41037E+00
7.06608E-05
8.89597E+00
-1.77984E+01
2.36176E+00
1.02962E-05
-9.56003E-04
1.41061E+00
7.12780E-05
8.90077E+00
-1.78081E+01
2.37118E+00
1.03824E-05
-9.72239E-04
1.41085E+00
7.18954E-05
8.90557E+00
-1.78179E+01
2.38068E+00
1.04685E-05
-9.88620E-04
1.41108E+00
7.25130E-05
8.91038E+00
-1.78276E+01
2.39025E+00
1.05546E-05
-1.00515E-03
1.41132E+00
7.31308E-05
8.91519E+00
-1.78374E+01
2.39991E+00
1.06406E-05
-1.02182E-03
1.41155E+00
7.37488E-05
8.92001E+00
-1.78471E+01
2.40965E+00
1.07266E-05
-1.03863E-03
1.41179E+00
7.43670E-05
8.92484E+00
-1.78569E+01
2.41947E+00
1.08126E-05
-1.05560E-03
1.41203E+00
7.49854E-05
8.92967E+00
-1.78667E+01
2.42937E+00
1.08986E-05
-1.07271E-03
1.41226E+00
7.56040E-05
8.93450E+00
-1.78764E+01
2.43935E+00
1.09845E-05
-1.08996E-03
1.41250E+00
7.62227E-05
8.93934E+00
-1.78863E+01
2.44941E+00
1.10704E-05
-1.10736E-03
1.41274E+00
7.68416E-05
8.94419E+00
-1.78961E+01
2.45955E+00
1.11562E-05
-1.12491E-03
1.41297E+00
7.74607E-05
8.94904E+00
-1.79059E+01
2.46977E+00
1.12421E-05
-1.14261E-03
1.41321E+00
7.80799E-05
8.95390E+00
-1.79157E+01
2.48007E+00
1.13278E-05
-1.16045E-03
1.41345E+00
7.86993E-05
8.95876E+00
-1.79256E+01
2.49045E+00
1.14136E-05
-1.17844E-03
1.41368E+00
7.93188E-05
8.96362E+00
-1.79354E+01
2.50091E+00
1.14993E-05
-1.19657E-03
1.41392E+00
7.99384E-05
8.96850E+00
-1.79453E+01
2.51146E+00
1.15849E-05
-1.21485E-03
1.41416E+00
8.05581E-05
8.97337E+00
-1.79552E+01
2.52208E+00
1.16705E-05
-1.23329E-03
1.41440E+00
8.11780E-05
8.97826E+00
-1.79651E+01
2.53279E+00
1.17560E-05
-1.25186E-03
1.41463E+00
8.17979E-05
8.98315E+00
-1.79750E+01
2.54358E+00
1.18416E-05
-1.27059E-03
1.41487E+00
8.24179E-05
8.98804E+00
-1.79849E+01
2.55444E+00
1.19270E-05
-1.28946E-03
1.41511E+00
8.30380E-05
8.99294E+00
-1.79949E+01
2.56539E+00
1.20124E-05
-1.30848E-03
1.41534E+00
8.36582E-05
8.99784E+00
-1.80048E+01
2.57642E+00
1.20978E-05
-1.32765E-03
1.41558E+00
8.42784E-05
9.00275E+00
-1.80148E+01
2.58753E+00
1.21830E-05
-1.34697E-03
1.41582E+00
8.48986E-05
9.00767E+00
-1.80247E+01
2.59872E+00
1.22683E-05
-1.36644E-03
1.41606E+00
8.55189E-05
9.01259E+00
-1.80347E+01
2.60999E+00
1.23534E-05
-1.38605E-03
1.41630E+00
8.61392E-05
9.01751E+00
-1.80447E+01
2.62135E+00
1.24386E-05
-1.40581E-03
1.41653E+00
8.67595E-05
9.02244E+00
-1.80547E+01
2.63278E+00
1.25236E-05
-1.42572E-03
1.41677E+00
8.73798E-05
9.02738E+00
-1.80647E+01
2.64430E+00
1.26086E-05
-1.44578E-03
1.41701E+00
8.80000E-05
9.03232E+00
-1.80747E+01
2.65589E+00
1.26935E-05
-1.46598E-03
1.41725E+00
8.86202E-05
9.03727E+00
-1.80848E+01
2.66757E+00
1.27783E-05
-1.48634E-03
1.41749E+00
8.92404E-05
9.04222E+00
-1.80948E+01
2.67933E+00
1.28631E-05
-1.50684E-03
1.41773E+00
8.98605E-05
9.04718E+00
-1.81049E+01
2.69117E+00
1.29478E-05
-1.52749E-03
1.41796E+00
9.04805E-05
9.05214E+00
-1.81150E+01
2.70309E+00
1.30324E-05
-1.54829E-03
1.41820E+00
9.11004E-05
9.05711E+00
-1.81250E+01
2.71510E+00
1.31169E-05
-1.56923E-03
1.41844E+00
9.17202E-05
9.06208E+00
-1.81351E+01
2.72718E+00
1.32014E-05
-1.59032E-03
1.41868E+00
9.23398E-05
9.06706E+00
-1.81453E+01
2.73935E+00
1.32858E-05
-1.61156E-03
1.41892E+00
9.29593E-05
9.07205E+00
-1.81554E+01
2.75159E+00
1.33701E-05
-1.63295E-03
1.41916E+00
9.35787E-05
9.07704E+00
-1.81655E+01
2.76392E+00
1.34543E-05
-1.65448E-03
1.41940E+00
9.41979E-05
9.08204E+00
-1.81757E+01
2.77633E+00
1.35384E-05
-1.67616E-03
1.41964E+00
9.48169E-05
9.08704E+00
-1.81858E+01
2.78883E+00
1.36224E-05
-1.69799E-03
1.41988E+00
9.54356E-05
9.09205E+00
-1.81960E+01
2.80140E+00
1.37063E-05
-1.71996E-03
1.42012E+00
9.60542E-05
9.09706E+00
-1.82062E+01
2.81406E+00
1.37901E-05
-1.74208E-03
1.42036E+00
9.66725E-05
9.10208E+00
-1.82164E+01
2.82680E+00
1.38738E-05
-1.76435E-03
1.42060E+00
9.72905E-05
9.10710E+00
-1.82266E+01
2.83961E+00
1.39574E-05
-1.78676E-03
1.42084E+00
9.79083E-05
9.11213E+00
-1.82368E+01
2.85252E+00
1.40409E-05
-1.80932E-03
1.42108E+00
9.85257E-05
9.11716E+00
-1.82470E+01
2.86550E+00
1.41243E-05
-1.83203E-03
1.42132E+00
9.91429E-05
9.12221E+00
-1.82573E+01
2.87857E+00
1.42076E-05
-1.85487E-03
1.42156E+00
9.97597E-05
9.12725E+00
-1.82675E+01
2.89171E+00
1.42907E-05
-1.87787E-03
1.42180E+00
1.00376E-04
9.13230E+00
-1.82778E+01
2.90494E+00
1.43738E-05
-1.90100E-03
1.42204E+00
1.00992E-04
9.13736E+00
-1.82881E+01
2.91825E+00
1.44567E-05
-1.92429E-03
1.42228E+00
1.01608E-04
9.14242E+00
-1.82984E+01
2.93165E+00
1.45395E-05
-1.94771E-03
1.42252E+00
1.02223E-04
9.14749E+00
-1.83087E+01
2.94512E+00
1.46222E-05
-1.97128E-03
1.42276E+00
1.02838E-04
9.15257E+00
-1.83190E+01
2.95868E+00
1.47047E-05
-1.99499E-03
1.42300E+00
1.03453E-04
9.15765E+00
-1.83293E+01
2.97232E+00
1.47871E-05
-2.01885E-03
1.42324E+00
1.04066E-04
9.16273E+00
-1.83397E+01
2.98604E+00
1.48694E-05
-2.04285E-03
1.42349E+00
1.04680E-04
9.16782E+00
-1.83500E+01
2.99985E+00
1.49516E-05
-2.06699E-03
1.42373E+00
1.05293E-04
9.17292E+00
-1.83604E+01
3.01374E+00
1.50336E-05
-2.09127E-03
1.42397E+00
1.05905E-04
9.17802E+00
-1.83708E+01
3.02771E+00
1.51154E-05
-2.11569E-03
1.42421E+00
1.06517E-04
9.18313E+00
-1.83812E+01
3.04176E+00
1.51971E-05
-2.14025E-03
1.42445E+00
1.07129E-04
9.18824E+00
-1.83916E+01
3.05590E+00
1.52787E-05
-2.16496E-03
1.42470E+00
1.07739E-04
9.19336E+00
-1.84020E+01
3.07011E+00
1.53601E-05
-2.18980E-03
1.42494E+00
1.08349E-04
9.19849E+00
-1.84124E+01
3.08441E+00
1.54414E-05
-2.21478E-03
1.42518E+00
1.08959E-04
9.20362E+00
-1.84229E+01
3.09880E+00
1.55225E-05
-2.23991E-03
1.42542E+00
1.09568E-04
9.20875E+00
-1.84333E+01
3.11326E+00
1.56034E-05
-2.26517E-03
1.42567E+00
1.10176E-04
9.21390E+00
-1.84438E+01
3.12781E+00
1.56842E-05
-2.29056E-03
1.42591E+00
1.10783E-04
9.21905E+00
-1.84543E+01
3.14244E+00
1.57648E-05
-2.31610E-03
1.42615E+00
1.11390E-04
9.22420E+00
-1.84648E+01
3.15716E+00
1.58452E-05
-2.34177E-03
1.42640E+00
1.11996E-04
9.22936E+00
-1.84753E+01
3.17195E+00
1.59255E-05
-2.36758E-03
1.42664E+00
1.12602E-04
9.23452E+00
-1.84858E+01
3.18683E+00
1.60056E-05
-2.39352E-03
1.42688E+00
1.13206E-04
9.23970E+00
-1.84963E+01
3.20179E+00
1.60855E-05
-2.41960E-03
1.42713E+00
1.13810E-04
9.24487E+00
-1.85069E+01
3.21684E+00
1.61652E-05
-2.44581E-03
1.42737E+00
1.14413E-04
9.25006E+00
-1.85174E+01
3.23197E+00
1.62447E-05
-2.47216E-03
1.42762E+00
1.15015E-04
9.25524E+00
-1.85280E+01
3.24718E+00
1.63241E-05
-2.49864E-03
1.42786E+00
1.15616E-04
9.26044E+00
-1.85386E+01
3.26248E+00
1.64033E-05
-2.52525E-03
1.42811E+00
1.16217E-04
9.26564E+00
-1.85492E+01
3.27786E+00
1.64822E-05
-2.55200E-03
1.42835E+00
1.16816E-04
9.27084E+00
-1.85598E+01
3.29332E+00
1.65610E-05
-2.57887E-03
1.42860E+00
1.17415E-04
9.27606E+00
-1.85704E+01
3.30886E+00
1.66396E-05
-2.60588E-03
1.42884E+00
1.18012E-04
9.28127E+00
-1.85810E+01
3.32449E+00
1.67179E-05
-2.63301E-03
1.42909E+00
1.18609E-04
9.28650E+00
-1.85917E+01
3.34020E+00
1.67961E-05
-2.66028E-03
1.42933E+00
1.19204E-04
9.29173E+00
-1.86023E+01
3.35600E+00
1.68740E-05
-2.68767E-03
1.42958E+00
1.19799E-04
9.29696E+00
-1.86130E+01
3.37188E+00
1.69518E-05
-2.71520E-03
1.42982E+00
1.20393E-04
9.30220E+00
-1.86237E+01
3.38784E+00
1.70293E-05
-2.74285E-03
1.43007E+00
1.20985E-04
9.30745E+00
-1.86344E+01
3.40388E+00
1.71066E-05
-2.77062E-03
1.43032E+00
1.21577E-04
9.31270E+00
-1.86451E+01
3.42001E+00
1.71837E-05
-2.79852E-03
1.43056E+00
1.22167E-04
9.31796E+00
-1.86558E+01
3.43623E+00
1.72605E-05
-2.82655E-03
1.43081E+00
1.22756E-04
9.32323E+00
-1.86666E+01
3.45252E+00
1.73371E-05
-2.85470E-03
1.43106E+00
1.23344E-04
9.32850E+00
-1.86773E+01
3.46890E+00
1.74135E-05
-2.88297E-03
1.43130E+00
1.23931E-04
9.33378E+00
-1.86881E+01
3.48537E+00
1.74897E-05
-2.91136E-03
1.43155E+00
1.24517E-04
9.33906E+00
-1.86988E+01
3.50191E+00
1.75656E-05
-2.93988E-03
1.43180E+00
1.25101E-04
9.34435E+00
-1.87096E+01
3.51855E+00
1.76413E-05
-2.96852E-03
1.43204E+00
1.25685E-04
9.34964E+00
-1.87204E+01
3.53526E+00
1.77167E-05
-2.99727E-03
1.43229E+00
1.26267E-04
9.35494E+00
-1.87313E+01
3.55206E+00
1.77919E-05
-3.02615E-03
1.43254E+00
1.26847E-04
9.36025E+00
-1.87421E+01
3.56894E+00
1.78668E-05
-3.05514E-03
1.43279E+00
1.27427E-04
9.36556E+00
-1.87529E+01
3.58591E+00
1.79415E-05
-3.08425E-03
1.43304E+00
1.28005E-04
9.37088E+00
-1.87638E+01
3.60296E+00
1.80160E-05
-3.11348E-03
1.43329E+00
1.28582E-04
9.37621E+00
-1.87746E+01
3.62010E+00
1.80901E-05
-3.14282E-03
1.43354E+00
1.29157E-04
9.38154E+00
-1.87855E+01
3.63732E+00
1.81640E-05
-3.17228E-03
1.43378E+00
1.29731E-04
9.38688E+00
-1.87964E+01
3.65462E+00
1.82377E-05
-3.20185E-03
1.43403E+00
1.30303E-04
9.39222E+00
-1.88073E+01
3.67201E+00
1.83110E-05
-3.23153E-03
1.43428E+00
1.30875E-04
9.39757E+00
-1.88182E+01
3.68948E+00
1.83841E-05
-3.26133E-03
1.43453E+00
1.31444E-04
9.40292E+00
-1.88292E+01
3.70704E+00
1.84570E-05
-3.29123E-03
1.43478E+00
1.32012E-04
9.40829E+00
-1.88401E+01
3.72468E+00
1.85295E-05
-3.32125E-03
1.43503E+00
1.32579E-04
9.41365E+00
-1.88511E+01
3.74240E+00
1.86018E-05
-3.35137E-03
1.43528E+00
1.33144E-04
9.41903E+00
-1.88620E+01
3.76021E+00
1.86737E-05
-3.38160E-03
1.43553E+00
1.33708E-04
9.42441E+00
-1.88730E+01
3.77810E+00
1.87454E-05
-3.41194E-03
1.43579E+00
1.34270E-04
9.42979E+00
-1.88840E+01
3.79608E+00
1.88168E-05
-3.44238E-03
1.43604E+00
1.34830E-04
9.43519E+00
-1.88950E+01
3.81414E+00
1.88879E-05
-3.47293E-03
1.43629E+00
1.35389E-04
9.44058E+00
-1.89061E+01
3.83229E+00
1.89587E-05
-3.50358E-03
1.43654E+00
1.35946E-04
9.44599E+00
-1.89171E+01
3.85052E+00
1.90292E-05
-3.53433E-03
1.43679E+00
1.36501E-04
9.45140E+00
-1.89282E+01
3.86884E+00
1.90994E-05
-3.56519E-03
1.43704E+00
1.37055E-04
9.45682E+00
-1.89392E+01
3.88724E+00
1.91693E-05
-3.59614E-03
1.43730E+00
1.37607E-04
9.46224E+00
-1.89503E+01
3.90572E+00
1.92389E-05
-3.62720E-03
1.43755E+00
1.38157E-04
9.46767E+00
-1.89614E+01
3.92429E+00
1.93082E-05
-3.65835E-03
1.43780E+00
1.38706E-04
9.47310E+00
-1.89725E+01
3.94295E+00
1.93771E-05
-3.68959E-03
1.43805E+00
1.39252E-04
9.47855E+00
-1.89836E+01
3.96168E+00
1.94458E-05
-3.72094E-03
1.43831E+00
1.39797E-04
9.48400E+00
-1.89947E+01
3.98051E+00
1.95141E-05
-3.75237E-03
1.43856E+00
1.40340E-04
9.48945E+00
-1.90059E+01
3.99942E+00
1.95821E-05
-3.78390E-03
1.43882E+00
1.40881E-04
9.49491E+00
-1.90170E+01
4.01841E+00
1.96497E-05
-3.81552E-03
1.43907E+00
1.41420E-04
9.50038E+00
-1.90282E+01
4.03749E+00
1.97170E-05
-3.84724E-03
1.43932E+00
1.41958E-04
9.50585E+00
-1.90394E+01
4.05665E+00
1.97840E-05
-3.87904E-03
1.43958E+00
1.42493E-04
9.51133E+00
-1.90506E+01
4.07590E+00
1.98507E-05
-3.91093E-03
1.43983E+00
1.43027E-04
9.51682E+00
-1.90618E+01
4.09523E+00
1.99170E-05
-3.94291E-03
1.44009E+00
1.43558E-04
9.52231E+00
-1.90730E+01
4.11465E+00
1.99830E-05
-3.97497E-03
1.44034E+00
1.44087E-04
9.52781E+00
-1.90843E+01
4.13415E+00
2.00486E-05
-4.00711E-03
1.44060E+00
1.44615E-04
9.53331E+00
-1.90955E+01
4.15374E+00
2.01139E-05
-4.03934E-03
1.44086E+00
1.45140E-04
9.53882E+00
-1.91068E+01
4.17341E+00
2.01788E-05
-4.07166E-03
1.44111E+00
1.45663E-04
9.54434E+00
-1.91181E+01
4.19317E+00
2.02433E-05
-4.10405E-03
1.44137E+00
1.46185E-04
9.54986E+00
-1.91294E+01
4.21301E+00
2.03075E-05
-4.13652E-03
1.44163E+00
1.46704E-04
9.55540E+00
-1.91407E+01
4.23294E+00
2.03713E-05
-4.16907E-03
1.44188E+00
1.47221E-04
9.56093E+00
-1.91520E+01
4.25295E+00
2.04348E-05
-4.20169E-03
1.44214E+00
1.47735E-04
9.56648E+00
-1.91633E+01
4.27305E+00
2.04979E-05
-4.23439E-03
1.44240E+00
1.48248E-04
9.57203E+00
-1.91747E+01
4.29323E+00
2.05606E-05
-4.26717E-03
1.44266E+00
1.48758E-04
9.57758E+00
-1.91860E+01
4.31350E+00
2.06230E-05
-4.30001E-03
1.44291E+00
1.49266E-04
9.58314E+00
-1.91974E+01
4.33385E+00
2.06850E-05
-4.33293E-03
1.44317E+00
1.49772E-04
9.58871E+00
-1.92088E+01
4.35429E+00
2.07465E-05
-4.36592E-03
1.44343E+00
1.50275E-04
9.59429E+00
-1.92202E+01
4.37481E+00
2.08078E-05
-4.39897E-03
1.44369E+00
1.50776E-04
9.59987E+00
-1.92316E+01
4.39542E+00
2.08686E-05
-4.43209E-03
1.44395E+00
1.51275E-04
9.60546E+00
-1.92430E+01
4.41612E+00
2.09290E-05
-4.46528E-03
1.44421E+00
1.51772E-04
9.61105E+00
-1.92545E+01
4.43689E+00
2.09890E-05
-4.49853E-03
1.44447E+00
1.52266E-04
9.61666E+00
-1.92659E+01
4.45776E+00
2.10487E-05
-4.53184E-03
1.44473E+00
1.52757E-04
9.62226E+00
-1.92774E+01
4.47871E+00
2.11079E-05
-4.56521E-03
1.44499E+00
1.53246E-04
9.62788E+00
-1.92889E+01
4.49974E+00
2.11667E-05
-4.59864E-03
1.44525E+00
1.53733E-04
9.63350E+00
-1.93004E+01
4.52087E+00
2.12252E-05
-4.63213E-03
1.44551E+00
1.54217E-04
9.63913E+00
-1.93119E+01
4.54207E+00
2.12832E-05
-4.66567E-03
1.44577E+00
1.54699E-04
9.64476E+00
-1.93234E+01
4.56336E+00
2.13408E-05
-4.69927E-03
1.44604E+00
1.55178E-04
9.65040E+00
-1.93350E+01
4.58474E+00
2.13980E-05
-4.73292E-03
1.44630E+00
1.55655E-04
9.65605E+00
-1.93465E+01
4.60620E+00
2.14548E-05
-4.76662E-03
1.44656E+00
1.56129E-04
9.66170E+00
-1.93581E+01
4.62775E+00
2.15111E-05
-4.80038E-03
1.44682E+00
1.56600E-04
9.66737E+00
-1.93697E+01
4.64938E+00
2.15671E-05
-4.83418E-03
1.44709E+00
1.57069E-04
9.67303E+00
-1.93813E+01
4.67110E+00
2.16226E-05
-4.86802E-03
1.44735E+00
1.57535E-04
9.67871E+00
-1.93929E+01
4.69291E+00
2.16776E-05
-4.90191E-03
1.44761E+00
1.57998E-04
9.68439E+00
-1.94045E+01
4.71480E+00
2.17323E-05
-4.93585E-03
1.44788E+00
1.58459E-04
9.69008E+00
-1.94161E+01
4.73677E+00
2.17865E-05
-4.96982E-03
1.44814E+00
1.58917E-04
9.69577E+00
-1.94278E+01
4.75883E+00
2.18403E-05
-5.00384E-03
1.44841E+00
1.59372E-04
9.70147E+00
-1.94395E+01
4.78098E+00
2.18936E-05
-5.03789E-03
1.44867E+00
1.59825E-04
9.70718E+00
-1.94511E+01
4.80321E+00
2.19465E-05
-5.07199E-03
1.44894E+00
1.60274E-04
9.71289E+00
-1.94628E+01
4.82553E+00
2.19989E-05
-5.10611E-03
1.44920E+00
1.60721E-04
9.71861E+00
-1.94745E+01
4.84793E+00
2.20509E-05
-5.14027E-03
1.44947E+00
1.61165E-04
9.72434E+00
-1.94863E+01
4.87042E+00
2.21024E-05
-5.17446E-03
1.44974E+00
1.61606E-04
9.73007E+00
-1.94980E+01
4.89299E+00
2.21535E-05
-5.20868E-03
1.45000E+00
1.62044E-04
9.73582E+00
-1.95097E+01
4.91565E+00
2.22041E-05
-5.24293E-03
1.45027E+00
1.62480E-04
9.74156E+00
-1.95215E+01
4.93840E+00
2.22543E-05
-5.27720E-03
1.45054E+00
1.62912E-04
9.74732E+00
-1.95333E+01
4.96123E+00
2.23040E-05
-5.31150E-03
1.45080E+00
1.63341E-04
9.75308E+00
-1.95451E+01
4.98414E+00
2.23532E-05
-5.34582E-03
1.45107E+00
1.63768E-04
9.75885E+00
-1.95569E+01
5.00715E+00
2.24020E-05
-5.38016E-03
1.45134E+00
1.64191E-04
9.76462E+00
-1.95687E+01
5.03023E+00
2.24503E-05
-5.41452E-03
1.45161E+00
1.64611E-04
9.77041E+00
-1.95805E+01
5.05341E+00
2.24981E-05
-5.44889E-03
1.45188E+00
1.65029E-04
9.77620E+00
-1.95924E+01
5.07667E+00
2.25454E-05
-5.48329E-03
1.45215E+00
1.65443E-04
9.78199E+00
-1.96042E+01
5.10001E+00
2.25923E-05
-5.51769E-03
1.45242E+00
1.65854E-04
9.78779E+00
-1.96161E+01
5.12344E+00
2.26387E-05
-5.55211E-03
1.45269E+00
1.66262E-04
9.79360E+00
-1.96280E+01
5.14696E+00
2.26845E-05
-5.58653E-03
1.45296E+00
1.66667E-04
9.79942E+00
-1.96399E+01
5.17056E+00
2.27299E-05
-5.62097E-03
1.45323E+00
1.67068E-04
9.80524E+00
-1.96518E+01
5.19425E+00
2.27749E-05
-5.65541E-03
1.45350E+00
1.67467E-04
9.81107E+00
-1.96637E+01
5.21802E+00
2.28193E-05
-5.68985E-03
1.45377E+00
1.67862E-04
9.81691E+00
-1.96757E+01
5.24188E+00
2.28632E-05
-5.72430E-03
1.45405E+00
1.68254E-04
9.82275E+00
-1.96876E+01
5.26582E+00
2.29066E-05
-5.75875E-03
1.45432E+00
1.68643E-04
9.82861E+00
-1.96996E+01
5.28985E+00
2.29495E-05
-5.79319E-03
1.45459E+00
1.69028E-04
9.83446E+00
-1.97116E+01
5.31397E+00
2.29919E-05
-5.82763E-03
1.45486E+00
1.69410E-04
9.84033E+00
-1.97236E+01
5.33817E+00
2.30338E-05
-5.86207E-03
1.45514E+00
1.69789E-04
9.84620E+00
-1.97356E+01
5.36246E+00
2.30752E-05
-5.89650E-03
1.45541E+00
1.70164E-04
9.85208E+00
-1.97476E+01
5.38683E+00
2.31161E-05
-5.93092E-03
1.45569E+00
1.70536E-04
9.85797E+00
-1.97597E+01
5.41129E+00
2.31565E-05
-5.96532E-03
1.45596E+00
1.70905E-04
9.86386E+00
-1.97717E+01
5.43583E+00
2.31964E-05
-5.99972E-03
1.45624E+00
1.71270E-04
9.86976E+00
-1.97838E+01
5.46046E+00
2.32357E-05
-6.03410E-03
1.45651E+00
1.71632E-04
9.87567E+00
-1.97959E+01
5.48518E+00
2.32745E-05
-6.06846E-03
1.45679E+00
1.71990E-04
9.88158E+00
-1.98080E+01
5.50998E+00
2.33128E-05
-6.10280E-03
1.45707E+00
1.72345E-04
9.88750E+00
-1.98201E+01
5.53486E+00
2.33506E-05
-6.13712E-03
1.45734E+00
1.72696E-04
9.89343E+00
-1.98323E+01
5.55984E+00
2.33878E-05
-6.17141E-03
1.45762E+00
1.73044E-04
9.89937E+00
-1.98444E+01
5.58489E+00
2.34245E-05
-6.20568E-03
1.45790E+00
1.73388E-04
9.90531E+00
-1.98566E+01
5.61004E+00
2.34607E-05
-6.23990E-03
1.45818E+00
1.73729E-04
9.91126E+00
-1.98687E+01
5.63527E+00
2.34963E-05
-6.27408E-03
1.45845E+00
1.74066E-04
9.91722E+00
-1.98809E+01
5.66058E+00
2.35313E-05
-6.30821E-03
1.45873E+00
1.74398E-04
9.92318E+00
-1.98931E+01
5.68598E+00
2.35658E-05
-6.34230E-03
1.45901E+00
1.74727E-04
9.92915E+00
-1.99053E+01
5.71147E+00
2.35997E-05
-6.37633E-03
1.45929E+00
1.75053E-04
9.93513E+00
-1.99176E+01
5.73704E+00
2.36330E-05
-6.41030E-03
1.45957E+00
1.75374E-04
9.94112E+00
-1.99298E+01
5.76270E+00
2.36657E-05
-6.44422E-03
1.45985E+00
1.75691E-04
9.94711E+00
-1.99421E+01
5.78844E+00
2.36978E-05
-6.47808E-03
1.46013E+00
1.76004E-04
9.95311E+00
-1.99543E+01
5.81427E+00
2.37294E-05
-6.51188E-03
1.46042E+00
1.76314E-04
9.95912E+00
-1.99666E+01
5.84018E+00
2.37604E-05
-6.54562E-03
1.46070E+00
1.76619E-04
9.96513E+00
-1.99789E+01
5.86618E+00
2.37908E-05
-6.57929E-03
1.46098E+00
1.76921E-04
9.97116E+00
-1.99912E+01
5.89226E+00
2.38206E-05
-6.61289E-03
1.46126E+00
1.77218E-04
9.97718E+00
-2.00036E+01
5.91843E+00
2.38498E-05
-6.64642E-03
1.46155E+00
1.77511E-04
9.98322E+00
-2.00159E+01
5.94469E+00
2.38785E-05
-6.67988E-03
1.46183E+00
1.77800E-04
9.98927E+00
-2.00283E+01
5.97103E+00
2.39065E-05
-6.71327E-03
1.46211E+00
1.78086E-04
9.99532E+00
-2.00406E+01
5.99745E+00
2.39339E-05
-6.74657E-03
1.46240E+00
1.78367E-04
1.00014E+01
-2.00530E+01
6.02396E+00
2.39608E-05
-6.77979E-03
1.46268E+00
1.78643E-04
1.00074E+01
-2.00654E+01
6.05055E+00
2.39870E-05
-6.81294E-03
1.46297E+00
1.78916E-04
1.00135E+01
-2.00778E+01
6.07723E+00
2.40127E-05
-6.84599E-03
1.46325E+00
1.79185E-04
1.00196E+01
-2.00903E+01
6.10400E+00
2.40377E-05
-6.87896E-03
1.46354E+00
1.79449E-04
1.00257E+01
-2.01027E+01
6.13085E+00
2.40621E-05
-6.91184E-03
1.46383E+00
1.79709E-04
1.00318E+01
-2.01152E+01
6.15778E+00
2.40859E-05
-6.94463E-03
1.46411E+00
1.79965E-04
1.00379E+01
-2.01277E+01
6.18480E+00
2.41091E-05
-6.97732E-03
1.46440E+00
1.80217E-04
1.00440E+01
-2.01401E+01
6.21190E+00
2.41317E-05
-7.00992E-03
1.46469E+00
1.80464E-04
1.00501E+01
-2.01526E+01
6.23909E+00
2.41537E-05
-7.04242E-03
1.46498E+00
1.80707E-04
1.00562E+01
-2.01652E+01
6.26636E+00
2.41751E-05
-7.07481E-03
1.46527E+00
1.80946E-04
1.00624E+01
-2.01777E+01
6.29372E+00
2.41958E-05
-7.10710E-03
1.46556E+00
1.81180E-04
1.00685E+01
-2.01902E+01
6.32116E+00
2.42160E-05
-7.13929E-03
1.46585E+00
1.81410E-04
1.00747E+01
-2.02028E+01
6.34869E+00
2.42355E-05
-7.17136E-03
1.46614E+00
1.81636E-04
1.00808E+01
-2.02154E+01
6.37630E+00
2.42544E-05
-7.20332E-03
1.46643E+00
1.81858E-04
1.00870E+01
-2.02280E+01
6.40400E+00
2.42726E-05
-7.23517E-03
1.46672E+00
1.82074E-04
1.00931E+01
-2.02406E+01
6.43178E+00
2.42903E-05
-7.26690E-03
1.46701E+00
1.82287E-04
1.00993E+01
-2.02532E+01
6.45964E+00
2.43073E-05
-7.29852E-03
1.46731E+00
1.82495E-04
1.01055E+01
-2.02658E+01
6.48759E+00
2.43237E-05
-7.33001E-03
1.46760E+00
1.82699E-04
1.01117E+01
-2.02785E+01
6.51562E+00
2.43394E-05
-7.36138E-03
1.46789E+00
1.82898E-04
1.01179E+01
-2.02911E+01
6.54374E+00
2.43545E-05
-7.39262E-03
1.46819E+00
1.83093E-04
1.01241E+01
-2.03038E+01
6.57194E+00
2.43690E-05
-7.42373E-03
1.46848E+00
1.83283E-04
1.01303E+01
-2.03165E+01
6.60022E+00
2.43829E-05
-7.45472E-03
1.46878E+00
1.83469E-04
1.01365E+01
-2.03292E+01
6.62859E+00
2.43961E-05
-7.48557E-03
1.46907E+00
1.83650E-04
1.01428E+01
-2.03419E+01
6.65704E+00
2.44087E-05
-7.51628E-03
1.46937E+00
1.83827E-04
1.01490E+01
-2.03546E+01
6.68558E+00
2.44207E-05
-7.54686E-03
1.46967E+00
1.83999E-04
1.01553E+01
-2.03674E+01
6.71420E+00
2.44320E-05
-7.57729E-03
1.46996E+00
1.84166E-04
1.01615E+01
-2.03802E+01
6.74290E+00
2.44427E-05
-7.60758E-03
1.47026E+00
1.84329E-04
1.01678E+01
-2.03929E+01
6.77169E+00
2.44527E-05
-7.63773E-03
1.47056E+00
1.84488E-04
1.01740E+01
-2.04057E+01
6.80056E+00
2.44621E-05
-7.66773E-03
1.47086E+00
1.84641E-04
1.01803E+01
-2.04185E+01
6.82952E+00
2.44709E-05
-7.69757E-03
1.47116E+00
1.84791E-04
1.01866E+01
-2.04314E+01
6.85855E+00
2.44790E-05
-7.72727E-03
1.47146E+00
1.84935E-04
1.01929E+01
-2.04442E+01
6.88768E+00
2.44864E-05
-7.75681E-03
1.47176E+00
1.85075E-04
1.01992E+01
-2.04570E+01
6.91688E+00
2.44933E-05
-7.78619E-03
1.47206E+00
1.85210E-04
1.02055E+01
-2.04699E+01
6.94617E+00
2.44994E-05
-7.81542E-03
1.47236E+00
1.85341E-04
1.02118E+01
-2.04828E+01
6.97554E+00
2.45050E-05
-7.84448E-03
1.47266E+00
1.85467E-04
1.02182E+01
-2.04957E+01
7.00500E+00
2.45099E-05
-7.87337E-03
1.47296E+00
1.85588E-04
1.02245E+01
-2.05086E+01
7.03453E+00
2.45141E-05
-7.90210E-03
1.47327E+00
1.85704E-04
1.02308E+01
-2.05215E+01
7.06415E+00
2.55952E-05
-8.27920E-03
1.47357E+00
1.85816E-04
1.02372E+01
-2.05345E+01
7.09386E+00
2.55983E-05
-8.30884E-03
1.47387E+00
1.85923E-04
1.02435E+01
-2.05474E+01
7.12365E+00
2.56007E-05
-8.33830E-03
1.47418E+00
1.86025E-04
1.02499E+01
-2.05604E+01
7.15351E+00
2.56024E-05
-8.36758E-03
1.47448E+00
1.86123E-04
1.02563E+01
-2.05734E+01
7.18347E+00
2.56035E-05
-8.39667E-03
1.47479E+00
1.86215E-04
1.02626E+01
-2.05864E+01
7.21350E+00
2.56039E-05
-8.42558E-03
1.47510E+00
1.86303E-04
1.02690E+01
-2.05994E+01
7.24362E+00
2.56036E-05
-8.45429E-03
1.47540E+00
1.86386E-04
1.02754E+01
-2.06124E+01
7.27382E+00
2.56026E-05
-8.48281E-03
1.47571E+00
1.86465E-04
1.02818E+01
-2.06254E+01
7.30410E+00
2.56009E-05
-8.51113E-03
1.47602E+00
1.86538E-04
1.02882E+01
-2.06385E+01
7.33447E+00
2.55986E-05
-8.53926E-03
1.47633E+00
1.86607E-04
1.02947E+01
-2.06516E+01
7.36492E+00
2.55956E-05
-8.56718E-03
1.47664E+00
1.86671E-04
1.03011E+01
-2.06646E+01
7.39545E+00
2.55919E-05
-8.59491E-03
1.47695E+00
1.86730E-04
1.03075E+01
-2.06778E+01
7.42606E+00
2.55875E-05
-8.62242E-03
1.47726E+00
1.86785E-04
1.03140E+01
-2.06909E+01
7.45676E+00
2.55825E-05
-8.64973E-03
1.47757E+00
1.86834E-04
1.03204E+01
-2.07040E+01
7.48753E+00
2.55767E-05
-8.67683E-03
1.47788E+00
1.86879E-04
1.03269E+01
-2.07171E+01
7.51839E+00
2.55703E-05
-8.70372E-03
1.47819E+00
1.86918E-04
1.03333E+01
-2.07303E+01
7.54933E+00
2.55632E-05
-8.73039E-03
1.47850E+00
1.86953E-04
1.03398E+01
-2.07435E+01
7.58036E+00
2.55554E-05
-8.75685E-03
1.47882E+00
1.86983E-04
1.03463E+01
-2.07567E+01
7.61146E+00
2.55469E-05
-8.78309E-03
1.47913E+00
1.87008E-04
1.03528E+01
-2.07699E+01
7.64265E+00
2.55378E-05
-8.80913E-03
1.47945E+00
1.87029E-04
1.03593E+01
-2.07831E+01
7.67392E+00
2.55280E-05
-8.83499E-03
1.47976E+00
1.87044E-04
1.03658E+01
-2.07963E+01
7.70527E+00
2.55176E-05
-8.86066E-03
1.48008E+00
1.87056E-04
1.03723E+01
-2.08096E+01
7.73670E+00
2.55066E-05
-8.88615E-03
1.48039E+00
1.87063E-04
1.03788E+01
-2.08228E+01
7.76822E+00
2.54950E-05
-8.91144E-03
1.48071E+00
1.87065E-04
1.03854E+01
-2.08361E+01
7.79981E+00
2.54827E-05
-8.93654E-03
1.48103E+00
1.87063E-04
1.03919E+01
-2.08494E+01
7.83149E+00
2.54513E-05
-8.95491E-03
1.48135E+00
1.86920E-04
1.03985E+01
-2.08627E+01
7.86325E+00
2.54017E-05
-8.96686E-03
1.48167E+00
1.86644E-04
1.04050E+01
-2.08759E+01
7.89509E+00
2.53516E-05
-8.97853E-03
1.48198E+00
1.86363E-04
1.04116E+01
-2.08892E+01
7.92701E+00
2.53007E-05
-8.98990E-03
1.48231E+00
1.86077E-04
1.04182E+01
-2.09024E+01
7.95901E+00
2.52493E-05
-9.00099E-03
1.48263E+00
1.85787E-04
1.04247E+01
-2.09157E+01
7.99110E+00
2.51972E-05
-9.01178E-03
1.48295E+00
1.85491E-04
1.04313E+01
-2.09290E+01
8.02626E+00
2.51445E-05
-9.02227E-03
1.48327E+00
1.85191E-04
1.04379E+01
-2.09423E+01
8.06265E+00
2.50912E-05
-9.03247E-03
1.48359E+00
1.84886E-04
1.04445E+01
-2.09556E+01
8.09913E+00
2.50372E-05
-9.04238E-03
1.48392E+00
1.84576E-04
1.04512E+01
-2.09690E+01
8.13570E+00
2.49827E-05
-9.05199E-03
1.48424E+00
1.84262E-04
1.04578E+01
-2.09823E+01
8.17237E+00
2.49275E-05
-9.06129E-03
1.48456E+00
1.83943E-04
1.04644E+01
-2.09957E+01
8.20913E+00
2.48717E-05
-9.07030E-03
1.48489E+00
1.83619E-04
1.04711E+01
-2.10091E+01
8.24598E+00
2.48154E-05
-9.07900E-03
1.48522E+00
1.83290E-04
1.04777E+01
-2.10225E+01
8.28292E+00
2.47584E-05
-9.08741E-03
1.48554E+00
1.82957E-04
1.04844E+01
-2.10359E+01
8.31996E+00
2.47008E-05
-9.09550E-03
1.48587E+00
1.82619E-04
1.04910E+01
-2.10493E+01
8.35709E+00
2.46426E-05
-9.10329E-03
1.48620E+00
1.82276E-04
1.04977E+01
-2.10627E+01
8.39430E+00
2.45838E-05
-9.11078E-03
1.48653E+00
1.81929E-04
1.05044E+01
-2.10762E+01
8.43162E+00
2.45245E-05
-9.11796E-03
1.48686E+00
1.81577E-04
1.05111E+01
-2.10897E+01
8.46902E+00
2.44645E-05
-9.12482E-03
1.48719E+00
1.81220E-04
1.05178E+01
-2.11031E+01
8.50652E+00
2.44040E-05
-9.13138E-03
1.48752E+00
1.80859E-04
1.05245E+01
-2.11166E+01
8.54410E+00
2.43429E-05
-9.13763E-03
1.48785E+00
1.80494E-04
1.05312E+01
-2.11302E+01
8.58178E+00
2.42812E-05
-9.14356E-03
1.48818E+00
1.80123E-04
1.05379E+01
-2.11437E+01
8.61955E+00
2.42189E-05
-9.14918E-03
1.48851E+00
1.79748E-04
1.05447E+01
-2.11572E+01
8.65742E+00
2.41561E-05
-9.15449E-03
1.48885E+00
1.79369E-04
1.05514E+01
-2.11708E+01
8.69537E+00
2.40927E-05
-9.15948E-03
1.48918E+00
1.78985E-04
1.05582E+01
-2.11844E+01
8.73342E+00
2.40288E-05
-9.16415E-03
1.48952E+00
1.78597E-04
1.05649E+01
-2.11979E+01
8.77156E+00
2.39642E-05
-9.16851E-03
1.48985E+00
1.78204E-04
1.05717E+01
-2.12115E+01
8.80979E+00
2.38992E-05
-9.17255E-03
1.49019E+00
1.77807E-04
1.05785E+01
-2.12252E+01
8.84812E+00
2.38336E-05
-9.17627E-03
1.49052E+00
1.77405E-04
1.05852E+01
-2.12388E+01
8.88653E+00
2.37674E-05
-9.17967E-03
1.49086E+00
1.77000E-04
1.05920E+01
-2.12524E+01
8.92504E+00
2.37007E-05
-9.18275E-03
1.49120E+00
1.76589E-04
1.05988E+01
-2.12661E+01
8.96364E+00
2.36334E-05
-9.18551E-03
1.49154E+00
1.76174E-04
1.06057E+01
-2.12798E+01
9.00233E+00
2.35656E-05
-9.18794E-03
1.49188E+00
1.75755E-04
1.06125E+01
-2.12935E+01
9.04111E+00
2.34973E-05
-9.19005E-03
1.49222E+00
1.75332E-04
1.06193E+01
-2.13072E+01
9.07999E+00
2.34285E-05
-9.19184E-03
1.49256E+00
1.74904E-04
1.06261E+01
-2.13209E+01
9.11895E+00
2.33591E-05
-9.19330E-03
1.49290E+00
1.74472E-04
1.06330E+01
-2.13347E+01
9.15801E+00
2.32892E-05
-9.19444E-03
1.49325E+00
1.74036E-04
1.06399E+01
-2.13484E+01
9.19716E+00
2.32188E-05
-9.19526E-03
1.49359E+00
1.73596E-04
1.06467E+01
-2.13622E+01
9.23641E+00
2.31479E-05
-9.19574E-03
1.49393E+00
1.73151E-04
1.06536E+01
-2.13760E+01
9.27574E+00
2.30765E-05
-9.19590E-03
1.49428E+00
1.72703E-04
1.06605E+01
-2.13898E+01
9.31517E+00
2.30046E-05
-9.19573E-03
1.49463E+00
1.72250E-04
1.06674E+01
-2.14036E+01
9.35469E+00
2.29321E-05
-9.19524E-03
1.49497E+00
1.71793E-04
1.06743E+01
-2.14174E+01
9.39430E+00
2.28592E-05
-9.19441E-03
1.49532E+00
1.71332E-04
1.06812E+01
-2.14313E+01
9.43400E+00
2.27858E-05
-9.19326E-03
1.49567E+00
1.70867E-04
1.06881E+01
-2.14451E+01
9.47379E+00
2.27119E-05
-9.19177E-03
1.49602E+00
1.70398E-04
1.06950E+01
-2.14590E+01
9.51368E+00
2.26375E-05
-9.18996E-03
1.49637E+00
1.69924E-04
1.07020E+01
-2.14729E+01
9.55366E+00
2.25627E-05
-9.18781E-03
1.49672E+00
1.69447E-04
1.07089E+01
-2.14868E+01
9.59372E+00
2.24874E-05
-9.18534E-03
1.49707E+00
1.68966E-04
1.07159E+01
-2.15007E+01
9.63389E+00
2.24116E-05
-9.18253E-03
1.49742E+00
1.68481E-04
1.07228E+01
-2.15147E+01
9.67414E+00
2.23353E-05
-9.17939E-03
1.49777E+00
1.67992E-04
1.07298E+01
-2.15286E+01
9.71448E+00
2.22586E-05
-9.17592E-03
1.49813E+00
1.67499E-04
1.07368E+01
-2.15426E+01
9.75492E+00
2.21815E-05
-9.17212E-03
1.49848E+00
1.67003E-04
1.07438E+01
-2.15566E+01
9.79545E+00
2.21039E-05
-9.16799E-03
1.49884E+00
1.66502E-04
1.07508E+01
-2.15706E+01
9.83607E+00
2.20258E-05
-9.16352E-03
1.49919E+00
1.65998E-04
1.07578E+01
-2.15846E+01
9.87678E+00
2.19473E-05
-9.15872E-03
1.49955E+00
1.65490E-04
1.07648E+01
-2.15987E+01
9.91758E+00
2.18684E-05
-9.15359E-03
1.49991E+00
1.64978E-04
1.07718E+01
-2.16127E+01
9.95847E+00
2.17890E-05
-9.14813E-03
1.50026E+00
1.64463E-04
1.07789E+01
-2.16268E+01
9.99946E+00
2.17092E-05
-9.14233E-03
1.50062E+00
1.63944E-04
1.07859E+01
-2.16409E+01
1.00405E+01
2.16290E-05
-9.13620E-03
1.50098E+00
1.63421E-04
1.07930E+01
-2.16550E+01
1.00817E+01
2.15484E-05
-9.12974E-03
1.50134E+00
1.62894E-04
1.08000E+01
-2.16691E+01
1.01230E+01
2.14674E-05
-9.12295E-03
1.50171E+00
1.62364E-04
1.08071E+01
-2.16832E+01
1.01643E+01
2.13859E-05
-9.11582E-03
1.50207E+00
1.61831E-04
1.08142E+01
-2.16974E+01
1.02058E+01
2.13041E-05
-9.10836E-03
1.50243E+00
1.61294E-04
1.08213E+01
-2.17115E+01
1.02473E+01
2.12219E-05
-9.10057E-03
1.50280E+00
1.60753E-04
1.08284E+01
-2.17257E+01
1.02889E+01
2.11392E-05
-9.09245E-03
1.50316E+00
1.60210E-04
1.08355E+01
-2.17399E+01
1.03306E+01
2.10562E-05
-9.08399E-03
1.50353E+00
1.59662E-04
1.08426E+01
-2.17541E+01
1.03725E+01
2.09728E-05
-9.07520E-03
1.50389E+00
1.59111E-04
1.08497E+01
-2.17683E+01
1.04144E+01
2.08891E-05
-9.06608E-03
1.50426E+00
1.58557E-04
1.08569E+01
-2.17826E+01
1.04564E+01
2.08049E-05
-9.05663E-03
1.50463E+00
1.58000E-04
1.08640E+01
-2.17968E+01
1.04984E+01
2.07204E-05
-9.04685E-03
1.50500E+00
1.57439E-04
1.08712E+01
-2.18111E+01
1.05406E+01
2.03238E-05
-8.90022E-03
1.50537E+00
1.56875E-04
1.08784E+01
-2.18254E+01
1.05829E+01
2.02399E-05
-8.88993E-03
1.50574E+00
1.56308E-04
1.08855E+01
-2.18397E+01
1.06252E+01
2.01556E-05
-8.87931E-03
1.50611E+00
1.55738E-04
1.08927E+01
-2.18540E+01
1.06677E+01
2.00710E-05
-8.86837E-03
1.50648E+00
1.55164E-04
1.08999E+01
-2.18684E+01
1.07102E+01
1.99860E-05
-8.85711E-03
1.50686E+00
1.54588E-04
1.09071E+01
-2.18827E+01
1.07529E+01
1.99007E-05
-8.84552E-03
1.50723E+00
1.54008E-04
1.09143E+01
-2.18971E+01
1.07956E+01
1.98151E-05
-8.83361E-03
1.50761E+00
1.53425E-04
1.09216E+01
-2.19115E+01
1.08384E+01
1.97292E-05
-8.82138E-03
1.50798E+00
1.52839E-04
1.09288E+01
-2.19259E+01
1.08813E+01
1.96430E-05
-8.80883E-03
1.50836E+00
1.52251E-04
1.09360E+01
-2.19404E+01
1.09243E+01
1.95564E-05
-8.79595E-03
1.50874E+00
1.51659E-04
1.09433E+01
-2.19548E+01
1.09674E+01
1.94696E-05
-8.78276E-03
1.50912E+00
1.51065E-04
1.09506E+01
-2.19693E+01
1.10106E+01
1.93825E-05
-8.76925E-03
1.50950E+00
1.50467E-04
1.09578E+01
-2.19837E+01
1.10539E+01
1.92950E-05
-8.75541E-03
1.50988E+00
1.49867E-04
1.09651E+01
-2.19982E+01
1.10972E+01
1.92073E-05
-8.74126E-03
1.51026E+00
1.49264E-04
1.09724E+01
-2.20127E+01
1.11407E+01
1.91193E-05
-8.72680E-03
1.51064E+00
1.48658E-04
1.09797E+01
-2.20273E+01
1.11842E+01
1.90311E-05
-8.71201E-03
1.51103E+00
1.48050E-04
1.09870E+01
-2.20418E+01
1.12279E+01
1.89425E-05
-8.69691E-03
1.51141E+00
1.47439E-04
1.09943E+01
-2.20564E+01
1.12716E+01
1.88537E-05
-8.68150E-03
1.51180E+00
1.46825E-04
1.10017E+01
-2.20709E+01
1.13154E+01
1.87647E-05
-8.66577E-03
1.51218E+00
1.46208E-04
1.10090E+01
-2.20855E+01
1.13593E+01
1.86754E-05
-8.64973E-03
1.51257E+00
1.45589E-04
1.10164E+01
-2.21001E+01
1.14034E+01
1.85858E-05
-8.63338E-03
1.51296E+00
1.44968E-04
1.10237E+01
-2.21148E+01
1.14474E+01
1.84961E-05
-8.61672E-03
1.51335E+00
1.44344E-04
1.10311E+01
-2.21294E+01
1.14916E+01
1.84060E-05
-8.59975E-03
1.51374E+00
1.43718E-04
1.10385E+01
-2.21441E+01
1.15359E+01
1.83158E-05
-8.58247E-03
1.51413E+00
1.43089E-04
1.10459E+01
-2.21588E+01
1.15803E+01
1.82253E-05
-8.56489E-03
1.51452E+00
1.42458E-04
1.10533E+01
-2.21735E+01
1.16247E+01
1.81346E-05
-8.54699E-03
1.51492E+00
1.41824E-04
1.10607E+01
-2.21882E+01
1.16693E+01
1.80437E-05
-8.52880E-03
1.51531E+00
1.41189E-04
1.10681E+01
-2.22029E+01
1.17139E+01
1.79526E-05
-8.51030E-03
1.51570E+00
1.40551E-04
1.10755E+01
-2.22177E+01
1.17587E+01
1.78613E-05
-8.49150E-03
1.51610E+00
1.39911E-04
1.10830E+01
-2.22324E+01
1.18035E+01
1.77698E-05
-8.47239E-03
1.51650E+00
1.39268E-04
1.10904E+01
-2.22472E+01
1.18484E+01
1.76781E-05
-8.45299E-03
1.51690E+00
1.38624E-04
1.10979E+01
-2.22620E+01
1.18934E+01
1.75862E-05
-8.43329E-03
1.51729E+00
1.37977E-04
1.11053E+01
-2.22768E+01
1.19385E+01
1.74941E-05
-8.41329E-03
1.51769E+00
1.37329E-04
1.11128E+01
-2.22917E+01
1.19837E+01
1.74019E-05
-8.39300E-03
1.51809E+00
1.36678E-04
1.11203E+01
-2.23065E+01
1.20290E+01
1.73095E-05
-8.37241E-03
1.51850E+00
1.36025E-04
1.11278E+01
-2.23214E+01
1.20744E+01
1.72170E-05
-8.35153E-03
1.51890E+00
1.35371E-04
1.11353E+01
-2.23363E+01
1.21198E+01
1.71479E-05
-8.34185E-03
1.51930E+00
1.34900E-04
1.11428E+01
-2.23513E+01
1.21654E+01
1.70882E-05
-8.33661E-03
1.51971E+00
1.34504E-04
1.11504E+01
-2.23663E+01
1.22110E+01
1.70282E-05
-8.33109E-03
1.52011E+00
1.34104E-04
1.11579E+01
-2.23814E+01
1.22568E+01
1.69679E-05
-8.32529E-03
1.52052E+00
1.33701E-04
1.11654E+01
-2.23965E+01
1.23026E+01
1.69072E-05
-8.31920E-03
1.52093E+00
1.33296E-04
1.11730E+01
-2.24116E+01
1.23485E+01
1.68463E-05
-8.31283E-03
1.52134E+00
1.32887E-04
1.11806E+01
-2.24267E+01
1.23945E+01
1.67850E-05
-8.30618E-03
1.52175E+00
1.32476E-04
1.11882E+01
-2.24419E+01
1.24406E+01
1.67235E-05
-8.29924E-03
1.52216E+00
1.32062E-04
1.11958E+01
-2.24570E+01
1.24868E+01
1.66616E-05
-8.29202E-03
1.52257E+00
1.31645E-04
1.12034E+01
-2.24722E+01
1.25331E+01
1.65995E-05
-8.28452E-03
1.52299E+00
1.31225E-04
1.12110E+01
-2.24874E+01
1.25795E+01
1.65370E-05
-8.27673E-03
1.52340E+00
1.30803E-04
1.12186E+01
-2.25026E+01
1.26259E+01
1.64743E-05
-8.26867E-03
1.52381E+00
1.30378E-04
1.12262E+01
-2.25179E+01
1.26725E+01
1.64112E-05
-8.26032E-03
1.52423E+00
1.29950E-04
1.12339E+01
-2.25331E+01
1.27191E+01
1.63479E-05
-8.25169E-03
1.52465E+00
1.29519E-04
1.12415E+01
-2.25484E+01
1.27658E+01
1.62843E-05
-8.24277E-03
1.52507E+00
1.29086E-04
1.12492E+01
-2.25637E+01
1.28127E+01
1.62205E-05
-8.23358E-03
1.52549E+00
1.28651E-04
1.12569E+01
-2.25790E+01
1.28596E+01
1.61563E-05
-8.22410E-03
1.52591E+00
1.28212E-04
1.12645E+01
-2.25943E+01
1.29066E+01
1.60919E-05
-8.21435E-03
1.52633E+00
1.27771E-04
1.12722E+01
-2.26097E+01
1.29537E+01
1.60272E-05
-8.20431E-03
1.52675E+00
1.27328E-04
1.12799E+01
-2.26251E+01
1.30009E+01
1.59623E-05
-8.19399E-03
1.52718E+00
1.26882E-04
1.12877E+01
-2.26405E+01
1.30482E+01
1.58971E-05
-8.18339E-03
1.52760E+00
1.26433E-04
1.12954E+01
-2.26559E+01
1.30955E+01
1.58316E-05
-8.17251E-03
1.52803E+00
1.25983E-04
1.13031E+01
-2.26713E+01
1.31430E+01
1.57660E-05
-8.16136E-03
1.52845E+00
1.25529E-04
1.13109E+01
-2.26867E+01
1.31906E+01
1.56016E-05
-8.09886E-03
1.52888E+00
1.25073E-04
1.13186E+01
-2.27022E+01
1.32382E+01
1.55358E-05
-8.08721E-03
1.52931E+00
1.24615E-04
1.13264E+01
-2.27177E+01
1.32859E+01
1.54698E-05
-8.07529E-03
1.52974E+00
1.24155E-04
1.13342E+01
-2.27332E+01
1.33338E+01
1.54036E-05
-8.06310E-03
1.53018E+00
1.23692E-04
1.13420E+01
-2.27487E+01
1.33817E+01
1.53371E-05
-8.05063E-03
1.53061E+00
1.23226E-04
1.13498E+01
-2.27642E+01
1.34297E+01
1.52704E-05
-8.03789E-03
1.53104E+00
1.22759E-04
1.13576E+01
-2.27798E+01
1.34778E+01
1.52035E-05
-8.02487E-03
1.53148E+00
1.22289E-04
1.13654E+01
-2.27954E+01
1.35260E+01
1.51364E-05
-8.01159E-03
1.53191E+00
1.21817E-04
1.13732E+01
-2.28110E+01
1.35742E+01
1.50690E-05
-7.99803E-03
1.53235E+00
1.21343E-04
1.13811E+01
-2.28266E+01
1.36226E+01
1.50014E-05
-7.98419E-03
1.53279E+00
1.20867E-04
1.13889E+01
-2.28422E+01
1.36711E+01
1.49337E-05
-7.97009E-03
1.53323E+00
1.20388E-04
1.13968E+01
-2.28579E+01
1.37196E+01
1.48657E-05
-7.95572E-03
1.53367E+00
1.19908E-04
1.14047E+01
-2.28736E+01
1.37682E+01
1.47975E-05
-7.94108E-03
1.53411E+00
1.19425E-04
1.14126E+01
-2.28892E+01
1.38170E+01
1.47336E-05
-7.92857E-03
1.53456E+00
1.18976E-04
1.14205E+01
-2.29050E+01
1.38658E+01
1.46859E-05
-7.92463E-03
1.53500E+00
1.18657E-04
1.14284E+01
-2.29208E+01
1.39147E+01
1.46365E-05
-7.91968E-03
1.53545E+00
1.18325E-04
1.14363E+01
-2.29366E+01
1.39637E+01
1.45872E-05
-7.91465E-03
1.53589E+00
1.17993E-04
1.14442E+01
-2.29525E+01
1.40128E+01
1.45379E-05
-7.90954E-03
1.53634E+00
1.17660E-04
1.14522E+01
-2.29684E+01
1.40620E+01
1.44887E-05
-7.90436E-03
1.53679E+00
1.17328E-04
1.14601E+01
-2.29843E+01
1.41112E+01
1.44395E-05
-7.89909E-03
1.53724E+00
1.16996E-04
1.14681E+01
-2.30002E+01
1.41606E+01
1.43904E-05
-7.89375E-03
1.53769E+00
1.16665E-04
1.14761E+01
-2.30162E+01
1.42101E+01
1.43413E-05
-7.88833E-03
1.53815E+00
1.16333E-04
1.14841E+01
-2.30321E+01
1.42596E+01
1.42924E-05
-7.88283E-03
1.53860E+00
1.16002E-04
1.14921E+01
-2.30481E+01
1.43092E+01
1.42435E-05
-7.87726E-03
1.53906E+00
1.15670E-04
1.15001E+01
-2.30641E+01
1.43590E+01
1.41946E-05
-7.87161E-03
1.53951E+00
1.15340E-04
1.15081E+01
-2.30802E+01
1.44088E+01
1.41458E-05
-7.86589E-03
1.53997E+00
1.15009E-04
1.15161E+01
-2.30962E+01
1.44587E+01
1.40971E-05
-7.86009E-03
1.54043E+00
1.14678E-04
1.15242E+01
-2.31123E+01
1.45087E+01
1.40485E-05
-7.85422E-03
1.54089E+00
1.14348E-04
1.15322E+01
-2.31284E+01
1.45588E+01